00000000 0 000
00000001 0 000
00000010 0 000
00000011 0 000
00000100 0 000
00000101 0 000
00000110 0 000
00000111 0 000
00001000 0 000
00001001 0 000
00001010 0 000
00001011 0 000
00001100 0 000
00001101 0 000
00001110 0 000
00001111 0 000
00010000 0 000
00010001 0 000
00010010 0 000
00010011 0 000
00010100 0 000
00010101 0 000
00010110 0 000
00010111 0 000
00011000 0 000
00011001 0 000
00011010 0 000
00011011 0 000
00011100 0 000
00011101 0 000
00011110 0 000
00011111 0 000
00100000 0 000
00100001 0 000
00100010 0 000
00100011 0 000
00100100 0 000
00100101 0 000
00100110 0 000
00100111 0 000
00101000 0 000
00101001 0 000
00101010 0 000
00101011 0 000
00101100 0 000
00101101 0 000
00101110 0 000
00101111 0 000
00110000 0 000
00110001 0 000
00110010 0 000
00110011 0 000
00110100 0 000
00110101 0 000
00110110 0 000
00110111 0 000
00111000 0 000
00111001 0 000
00111010 0 000
00111011 0 000
00111100 0 000
00111101 0 000
00111110 0 000
00111111 0 000
01000000 0 000
01000001 0 000
01000010 0 000
01000011 0 000
01000100 0 000
01000101 0 000
01000110 0 000
01000111 0 000
01001000 0 000
01001001 0 000
01001010 0 000
01001011 0 000
01001100 0 000
01001101 0 000
01001110 0 000
01001111 0 000
01010000 0 000
01010001 0 000
01010010 0 000
01010011 0 000
01010100 0 000
01010101 0 000
01010110 0 000
01010111 0 000
01011000 0 000
01011001 0 000
01011010 0 000
01011011 0 000
01011100 0 000
01011101 0 000
01011110 0 000
01011111 0 000
01100000 0 000
01100001 0 000
01100010 0 000
01100011 0 000
01100100 0 000
01100101 0 000
01100110 0 000
01100111 0 000
01101000 0 000
01101001 0 000
01101010 0 000
01101011 0 000
01101100 0 000
01101101 0 000
01101110 0 000
01101111 0 000
01110000 0 000
01110001 0 000
01110010 0 000
01110011 0 000
01110100 0 000
01110101 0 000
01110110 0 000
01110111 0 000
01111000 0 000
01111001 0 000
01111010 0 000
01111011 0 000
01111100 0 000
01111101 0 000
01111110 0 000
01111111 0 000
10000000 0 000
10000001 0 000
10000010 0 000
10000011 0 000
10000100 0 000
10000101 0 000
10000110 0 000
10000111 0 000
10001000 0 000
10001001 0 000
10001010 0 000
10001011 0 000
10001100 0 000
10001101 0 000
10001110 0 000
10001111 0 000
10010000 0 000
10010001 0 000
10010010 0 000
10010011 0 000
10010100 0 000
10010101 0 000
10010110 0 000
10010111 0 000
10011000 0 000
10011001 0 000
10011010 0 000
10011011 0 000
10011100 0 000
10011101 0 000
10011110 0 000
10011111 0 000
10100000 0 000
10100001 0 000
10100010 0 000
10100011 0 000
10100100 0 000
10100101 0 000
10100110 0 000
10100111 0 000
10101000 0 000
10101001 0 000
10101010 0 000
10101011 0 000
10101100 0 000
10101101 0 000
10101110 0 000
10101111 0 000
10110000 0 000
10110001 0 000
10110010 0 000
10110011 0 000
10110100 0 000
10110101 0 000
10110110 0 000
10110111 0 000
10111000 0 000
10111001 0 000
10111010 0 000
10111011 0 000
10111100 0 000
10111101 0 000
10111110 0 000
10111111 0 000
11000000 0 000
11000001 0 000
11000010 0 000
11000011 0 000
11000100 0 000
11000101 0 000
11000110 0 000
11000111 0 000
11001000 0 000
11001001 0 000
11001010 0 000
11001011 0 000
11001100 0 000
11001101 0 000
11001110 0 000
11001111 0 000
11010000 0 000
11010001 0 000
11010010 0 000
11010011 0 000
11010100 0 000
11010101 0 000
11010110 0 000
11010111 0 000
11011000 0 000
11011001 0 000
11011010 0 000
11011011 0 000
11011100 0 000
11011101 0 000
11011110 0 000
11011111 0 000
11100000 0 000
11100001 0 000
11100010 0 000
11100011 0 000
11100100 0 000
11100101 0 000
11100110 0 000
11100111 0 000
11101000 0 000
11101001 0 000
11101010 0 000
11101011 0 000
11101100 0 000
11101101 0 000
11101110 0 000
11101111 0 000
11110000 0 000
11110001 0 000
11110010 0 000
11110011 0 000
11110100 0 000
11110101 0 000
11110110 0 000
11110111 0 000
11111000 0 000
11111001 0 000
11111010 0 000
11111011 0 000
11111100 0 000
11111101 0 000
11111110 0 000
11111111 0 000
00000000 0 001
00000001 0 001
00000010 0 001
00000011 0 001
00000100 0 001
00000101 0 001
00000110 0 001
00000111 0 001
00001000 0 001
00001001 0 001
00001010 0 001
00001011 0 001
00001100 0 001
00001101 0 001
00001110 0 001
00001111 0 001
00010000 0 001
00010001 0 001
00010010 0 001
00010011 0 001
00010100 0 001
00010101 0 001
00010110 0 001
00010111 0 001
00011000 0 001
00011001 0 001
00011010 0 001
00011011 0 001
00011100 0 001
00011101 0 001
00011110 0 001
00011111 0 001
00100000 0 001
00100001 0 001
00100010 0 001
00100011 0 001
00100100 0 001
00100101 0 001
00100110 0 001
00100111 0 001
00101000 0 001
00101001 0 001
00101010 0 001
00101011 0 001
00101100 0 001
00101101 0 001
00101110 0 001
00101111 0 001
00110000 0 001
00110001 0 001
00110010 0 001
00110011 0 001
00110100 0 001
00110101 0 001
00110110 0 001
00110111 0 001
00111000 0 001
00111001 0 001
00111010 0 001
00111011 0 001
00111100 0 001
00111101 0 001
00111110 0 001
00111111 0 001
01000000 0 001
01000001 0 001
01000010 0 001
01000011 0 001
01000100 0 001
01000101 0 001
01000110 0 001
01000111 0 001
01001000 0 001
01001001 0 001
01001010 0 001
01001011 0 001
01001100 0 001
01001101 0 001
01001110 0 001
01001111 0 001
01010000 0 001
01010001 0 001
01010010 0 001
01010011 0 001
01010100 0 001
01010101 0 001
01010110 0 001
01010111 0 001
01011000 0 001
01011001 0 001
01011010 0 001
01011011 0 001
01011100 0 001
01011101 0 001
01011110 0 001
01011111 0 001
01100000 0 001
01100001 0 001
01100010 0 001
01100011 0 001
01100100 0 001
01100101 0 001
01100110 0 001
01100111 0 001
01101000 0 001
01101001 0 001
01101010 0 001
01101011 0 001
01101100 0 001
01101101 0 001
01101110 0 001
01101111 0 001
01110000 0 001
01110001 0 001
01110010 0 001
01110011 0 001
01110100 0 001
01110101 0 001
01110110 0 001
01110111 0 001
01111000 0 001
01111001 0 001
01111010 0 001
01111011 0 001
01111100 0 001
01111101 0 001
01111110 0 001
01111111 0 001
10000000 0 001
10000001 0 001
10000010 0 001
10000011 0 001
10000100 0 001
10000101 0 001
10000110 0 001
10000111 0 001
10001000 0 001
10001001 0 001
10001010 0 001
10001011 0 001
10001100 0 001
10001101 0 001
10001110 0 001
10001111 0 001
10010000 0 001
10010001 0 001
10010010 0 001
10010011 0 001
10010100 0 001
10010101 0 001
10010110 0 001
10010111 0 001
10011000 0 001
10011001 0 001
10011010 0 001
10011011 0 001
10011100 0 001
10011101 0 001
10011110 0 001
10011111 0 001
10100000 0 001
10100001 0 001
10100010 0 001
10100011 0 001
10100100 0 001
10100101 0 001
10100110 0 001
10100111 0 001
10101000 0 001
10101001 0 001
10101010 0 001
10101011 0 001
10101100 0 001
10101101 0 001
10101110 0 001
10101111 0 001
10110000 0 001
10110001 0 001
10110010 0 001
10110011 0 001
10110100 0 001
10110101 0 001
10110110 0 001
10110111 0 001
10111000 0 001
10111001 0 001
10111010 0 001
10111011 0 001
10111100 0 001
10111101 0 001
10111110 0 001
10111111 0 001
11000000 0 001
11000001 0 001
11000010 0 001
11000011 0 001
11000100 0 001
11000101 0 001
11000110 0 001
11000111 0 001
11001000 0 001
11001001 0 001
11001010 0 001
11001011 0 001
11001100 0 001
11001101 0 001
11001110 0 001
11001111 0 001
11010000 0 001
11010001 0 001
11010010 0 001
11010011 0 001
11010100 0 001
11010101 0 001
11010110 0 001
11010111 0 001
11011000 0 001
11011001 0 001
11011010 0 001
11011011 0 001
11011100 0 001
11011101 0 001
11011110 0 001
11011111 0 001
11100000 0 001
11100001 0 001
11100010 0 001
11100011 0 001
11100100 0 001
11100101 0 001
11100110 0 001
11100111 0 001
11101000 0 001
11101001 0 001
11101010 0 001
11101011 0 001
11101100 0 001
11101101 0 001
11101110 0 001
11101111 0 001
11110000 0 001
11110001 0 001
11110010 0 001
11110011 0 001
11110100 0 001
11110101 0 001
11110110 0 001
11110111 0 001
11111000 0 001
11111001 0 001
11111010 0 001
11111011 0 001
11111100 0 001
11111101 0 001
11111110 0 001
11111111 0 001
00000000 0 010
00000001 0 010
00000010 0 010
00000011 0 010
00000100 0 010
00000101 0 010
00000110 0 010
00000111 0 010
00001000 0 010
00001001 0 010
00001010 0 010
00001011 0 010
00001100 0 010
00001101 0 010
00001110 0 010
00001111 0 010
00010000 0 010
00010001 0 010
00010010 0 010
00010011 0 010
00010100 0 010
00010101 0 010
00010110 0 010
00010111 0 010
00011000 0 010
00011001 0 010
00011010 0 010
00011011 0 010
00011100 0 010
00011101 0 010
00011110 0 010
00011111 0 010
00100000 0 010
00100001 0 010
00100010 0 010
00100011 0 010
00100100 0 010
00100101 0 010
00100110 0 010
00100111 0 010
00101000 0 010
00101001 0 010
00101010 0 010
00101011 0 010
00101100 0 010
00101101 0 010
00101110 0 010
00101111 0 010
00110000 0 010
00110001 0 010
00110010 0 010
00110011 0 010
00110100 0 010
00110101 0 010
00110110 0 010
00110111 0 010
00111000 0 010
00111001 0 010
00111010 0 010
00111011 0 010
00111100 0 010
00111101 0 010
00111110 0 010
00111111 0 010
01000000 0 010
01000001 0 010
01000010 0 010
01000011 0 010
01000100 0 010
01000101 0 010
01000110 0 010
01000111 0 010
01001000 0 010
01001001 0 010
01001010 0 010
01001011 0 010
01001100 0 010
01001101 0 010
01001110 0 010
01001111 0 010
01010000 0 010
01010001 0 010
01010010 0 010
01010011 0 010
01010100 0 010
01010101 0 010
01010110 0 010
01010111 0 010
01011000 0 010
01011001 0 010
01011010 0 010
01011011 0 010
01011100 0 010
01011101 0 010
01011110 0 010
01011111 0 010
01100000 0 010
01100001 0 010
01100010 0 010
01100011 0 010
01100100 0 010
01100101 0 010
01100110 0 010
01100111 0 010
01101000 0 010
01101001 0 010
01101010 0 010
01101011 0 010
01101100 0 010
01101101 0 010
01101110 0 010
01101111 0 010
01110000 0 010
01110001 0 010
01110010 0 010
01110011 0 010
01110100 0 010
01110101 0 010
01110110 0 010
01110111 0 010
01111000 0 010
01111001 0 010
01111010 0 010
01111011 0 010
01111100 0 010
01111101 0 010
01111110 0 010
01111111 0 010
10000000 0 010
10000001 0 010
10000010 0 010
10000011 0 010
10000100 0 010
10000101 0 010
10000110 0 010
10000111 0 010
10001000 0 010
10001001 0 010
10001010 0 010
10001011 0 010
10001100 0 010
10001101 0 010
10001110 0 010
10001111 0 010
10010000 0 010
10010001 0 010
10010010 0 010
10010011 0 010
10010100 0 010
10010101 0 010
10010110 0 010
10010111 0 010
10011000 0 010
10011001 0 010
10011010 0 010
10011011 0 010
10011100 0 010
10011101 0 010
10011110 0 010
10011111 0 010
10100000 0 010
10100001 0 010
10100010 0 010
10100011 0 010
10100100 0 010
10100101 0 010
10100110 0 010
10100111 0 010
10101000 0 010
10101001 0 010
10101010 0 010
10101011 0 010
10101100 0 010
10101101 0 010
10101110 0 010
10101111 0 010
10110000 0 010
10110001 0 010
10110010 0 010
10110011 0 010
10110100 0 010
10110101 0 010
10110110 0 010
10110111 0 010
10111000 0 010
10111001 0 010
10111010 0 010
10111011 0 010
10111100 0 010
10111101 0 010
10111110 0 010
10111111 0 010
11000000 0 010
11000001 0 010
11000010 0 010
11000011 0 010
11000100 0 010
11000101 0 010
11000110 0 010
11000111 0 010
11001000 0 010
11001001 0 010
11001010 0 010
11001011 0 010
11001100 0 010
11001101 0 010
11001110 0 010
11001111 0 010
11010000 0 010
11010001 0 010
11010010 0 010
11010011 0 010
11010100 0 010
11010101 0 010
11010110 0 010
11010111 0 010
11011000 0 010
11011001 0 010
11011010 0 010
11011011 0 010
11011100 0 010
11011101 0 010
11011110 0 010
11011111 0 010
11100000 0 010
11100001 0 010
11100010 0 010
11100011 0 010
11100100 0 010
11100101 0 010
11100110 0 010
11100111 0 010
11101000 0 010
11101001 0 010
11101010 0 010
11101011 0 010
11101100 0 010
11101101 0 010
11101110 0 010
11101111 0 010
11110000 0 010
11110001 0 010
11110010 0 010
11110011 0 010
11110100 0 010
11110101 0 010
11110110 0 010
11110111 0 010
11111000 0 010
11111001 0 010
11111010 0 010
11111011 0 010
11111100 0 010
11111101 0 010
11111110 0 010
11111111 0 010
00000000 0 011
00000001 0 011
00000010 0 011
00000011 0 011
00000100 0 011
00000101 0 011
00000110 0 011
00000111 0 011
00001000 0 011
00001001 0 011
00001010 0 011
00001011 0 011
00001100 0 011
00001101 0 011
00001110 0 011
00001111 0 011
00010000 0 011
00010001 0 011
00010010 0 011
00010011 0 011
00010100 0 011
00010101 0 011
00010110 0 011
00010111 0 011
00011000 0 011
00011001 0 011
00011010 0 011
00011011 0 011
00011100 0 011
00011101 0 011
00011110 0 011
00011111 0 011
00100000 0 011
00100001 0 011
00100010 0 011
00100011 0 011
00100100 0 011
00100101 0 011
00100110 0 011
00100111 0 011
00101000 0 011
00101001 0 011
00101010 0 011
00101011 0 011
00101100 0 011
00101101 0 011
00101110 0 011
00101111 0 011
00110000 0 011
00110001 0 011
00110010 0 011
00110011 0 011
00110100 0 011
00110101 0 011
00110110 0 011
00110111 0 011
00111000 0 011
00111001 0 011
00111010 0 011
00111011 0 011
00111100 0 011
00111101 0 011
00111110 0 011
00111111 0 011
01000000 0 011
01000001 0 011
01000010 0 011
01000011 0 011
01000100 0 011
01000101 0 011
01000110 0 011
01000111 0 011
01001000 0 011
01001001 0 011
01001010 0 011
01001011 0 011
01001100 0 011
01001101 0 011
01001110 0 011
01001111 0 011
01010000 0 011
01010001 0 011
01010010 0 011
01010011 0 011
01010100 0 011
01010101 0 011
01010110 0 011
01010111 0 011
01011000 0 011
01011001 0 011
01011010 0 011
01011011 0 011
01011100 0 011
01011101 0 011
01011110 0 011
01011111 0 011
01100000 0 011
01100001 0 011
01100010 0 011
01100011 0 011
01100100 0 011
01100101 0 011
01100110 0 011
01100111 0 011
01101000 0 011
01101001 0 011
01101010 0 011
01101011 0 011
01101100 0 011
01101101 0 011
01101110 0 011
01101111 0 011
01110000 0 011
01110001 0 011
01110010 0 011
01110011 0 011
01110100 0 011
01110101 0 011
01110110 0 011
01110111 0 011
01111000 0 011
01111001 0 011
01111010 0 011
01111011 0 011
01111100 0 011
01111101 0 011
01111110 0 011
01111111 0 011
10000000 0 011
10000001 0 011
10000010 0 011
10000011 0 011
10000100 0 011
10000101 0 011
10000110 0 011
10000111 0 011
10001000 0 011
10001001 0 011
10001010 0 011
10001011 0 011
10001100 0 011
10001101 0 011
10001110 0 011
10001111 0 011
10010000 0 011
10010001 0 011
10010010 0 011
10010011 0 011
10010100 0 011
10010101 0 011
10010110 0 011
10010111 0 011
10011000 0 011
10011001 0 011
10011010 0 011
10011011 0 011
10011100 0 011
10011101 0 011
10011110 0 011
10011111 0 011
10100000 0 011
10100001 0 011
10100010 0 011
10100011 0 011
10100100 0 011
10100101 0 011
10100110 0 011
10100111 0 011
10101000 0 011
10101001 0 011
10101010 0 011
10101011 0 011
10101100 0 011
10101101 0 011
10101110 0 011
10101111 0 011
10110000 0 011
10110001 0 011
10110010 0 011
10110011 0 011
10110100 0 011
10110101 0 011
10110110 0 011
10110111 0 011
10111000 0 011
10111001 0 011
10111010 0 011
10111011 0 011
10111100 0 011
10111101 0 011
10111110 0 011
10111111 0 011
11000000 0 011
11000001 0 011
11000010 0 011
11000011 0 011
11000100 0 011
11000101 0 011
11000110 0 011
11000111 0 011
11001000 0 011
11001001 0 011
11001010 0 011
11001011 0 011
11001100 0 011
11001101 0 011
11001110 0 011
11001111 0 011
11010000 0 011
11010001 0 011
11010010 0 011
11010011 0 011
11010100 0 011
11010101 0 011
11010110 0 011
11010111 0 011
11011000 0 011
11011001 0 011
11011010 0 011
11011011 0 011
11011100 0 011
11011101 0 011
11011110 0 011
11011111 0 011
11100000 0 011
11100001 0 011
11100010 0 011
11100011 0 011
11100100 0 011
11100101 0 011
11100110 0 011
11100111 0 011
11101000 0 011
11101001 0 011
11101010 0 011
11101011 0 011
11101100 0 011
11101101 0 011
11101110 0 011
11101111 0 011
11110000 0 011
11110001 0 011
11110010 0 011
11110011 0 011
11110100 0 011
11110101 0 011
11110110 0 011
11110111 0 011
11111000 0 011
11111001 0 011
11111010 0 011
11111011 0 011
11111100 0 011
11111101 0 011
11111110 0 011
11111111 0 011
00000000 0 100
00000001 0 100
00000010 0 100
00000011 0 100
00000100 0 100
00000101 0 100
00000110 0 100
00000111 0 100
00001000 0 100
00001001 0 100
00001010 0 100
00001011 0 100
00001100 0 100
00001101 0 100
00001110 0 100
00001111 0 100
00010000 0 100
00010001 0 100
00010010 0 100
00010011 0 100
00010100 0 100
00010101 0 100
00010110 0 100
00010111 0 100
00011000 0 100
00011001 0 100
00011010 0 100
00011011 0 100
00011100 0 100
00011101 0 100
00011110 0 100
00011111 0 100
00100000 0 100
00100001 0 100
00100010 0 100
00100011 0 100
00100100 0 100
00100101 0 100
00100110 0 100
00100111 0 100
00101000 0 100
00101001 0 100
00101010 0 100
00101011 0 100
00101100 0 100
00101101 0 100
00101110 0 100
00101111 0 100
00110000 0 100
00110001 0 100
00110010 0 100
00110011 0 100
00110100 0 100
00110101 0 100
00110110 0 100
00110111 0 100
00111000 0 100
00111001 0 100
00111010 0 100
00111011 0 100
00111100 0 100
00111101 0 100
00111110 0 100
00111111 0 100
01000000 0 100
01000001 0 100
01000010 0 100
01000011 0 100
01000100 0 100
01000101 0 100
01000110 0 100
01000111 0 100
01001000 0 100
01001001 0 100
01001010 0 100
01001011 0 100
01001100 0 100
01001101 0 100
01001110 0 100
01001111 0 100
01010000 0 100
01010001 0 100
01010010 0 100
01010011 0 100
01010100 0 100
01010101 0 100
01010110 0 100
01010111 0 100
01011000 0 100
01011001 0 100
01011010 0 100
01011011 0 100
01011100 0 100
01011101 0 100
01011110 0 100
01011111 0 100
01100000 0 100
01100001 0 100
01100010 0 100
01100011 0 100
01100100 0 100
01100101 0 100
01100110 0 100
01100111 0 100
01101000 0 100
01101001 0 100
01101010 0 100
01101011 0 100
01101100 0 100
01101101 0 100
01101110 0 100
01101111 0 100
01110000 0 100
01110001 0 100
01110010 0 100
01110011 0 100
01110100 0 100
01110101 0 100
01110110 0 100
01110111 0 100
01111000 0 100
01111001 0 100
01111010 0 100
01111011 0 100
01111100 0 100
01111101 0 100
01111110 0 100
01111111 0 100
10000000 0 100
10000001 0 100
10000010 0 100
10000011 0 100
10000100 0 100
10000101 0 100
10000110 0 100
10000111 0 100
10001000 0 100
10001001 0 100
10001010 0 100
10001011 0 100
10001100 0 100
10001101 0 100
10001110 0 100
10001111 0 100
10010000 0 100
10010001 0 100
10010010 0 100
10010011 0 100
10010100 0 100
10010101 0 100
10010110 0 100
10010111 0 100
10011000 0 100
10011001 0 100
10011010 0 100
10011011 0 100
10011100 0 100
10011101 0 100
10011110 0 100
10011111 0 100
10100000 0 100
10100001 0 100
10100010 0 100
10100011 0 100
10100100 0 100
10100101 0 100
10100110 0 100
10100111 0 100
10101000 0 100
10101001 0 100
10101010 0 100
10101011 0 100
10101100 0 100
10101101 0 100
10101110 0 100
10101111 0 100
10110000 0 100
10110001 0 100
10110010 0 100
10110011 0 100
10110100 0 100
10110101 0 100
10110110 0 100
10110111 0 100
10111000 0 100
10111001 0 100
10111010 0 100
10111011 0 100
10111100 0 100
10111101 0 100
10111110 0 100
10111111 0 100
11000000 0 100
11000001 0 100
11000010 0 100
11000011 0 100
11000100 0 100
11000101 0 100
11000110 0 100
11000111 0 100
11001000 0 100
11001001 0 100
11001010 0 100
11001011 0 100
11001100 0 100
11001101 0 100
11001110 0 100
11001111 0 100
11010000 0 100
11010001 0 100
11010010 0 100
11010011 0 100
11010100 0 100
11010101 0 100
11010110 0 100
11010111 0 100
11011000 0 100
11011001 0 100
11011010 0 100
11011011 0 100
11011100 0 100
11011101 0 100
11011110 0 100
11011111 0 100
11100000 0 100
11100001 0 100
11100010 0 100
11100011 0 100
11100100 0 100
11100101 0 100
11100110 0 100
11100111 0 100
11101000 0 100
11101001 0 100
11101010 0 100
11101011 0 100
11101100 0 100
11101101 0 100
11101110 0 100
11101111 0 100
11110000 0 100
11110001 0 100
11110010 0 100
11110011 0 100
11110100 0 100
11110101 0 100
11110110 0 100
11110111 0 100
11111000 0 100
11111001 0 100
11111010 0 100
11111011 0 100
11111100 0 100
11111101 0 100
11111110 0 100
11111111 0 100
00000000 0 101
00000001 0 101
00000010 0 101
00000011 0 101
00000100 0 101
00000101 0 101
00000110 0 101
00000111 0 101
00001000 0 101
00001001 0 101
00001010 0 101
00001011 0 101
00001100 0 101
00001101 0 101
00001110 0 101
00001111 0 101
00010000 0 101
00010001 0 101
00010010 0 101
00010011 0 101
00010100 0 101
00010101 0 101
00010110 0 101
00010111 0 101
00011000 0 101
00011001 0 101
00011010 0 101
00011011 0 101
00011100 0 101
00011101 0 101
00011110 0 101
00011111 0 101
00100000 0 101
00100001 0 101
00100010 0 101
00100011 0 101
00100100 0 101
00100101 0 101
00100110 0 101
00100111 0 101
00101000 0 101
00101001 0 101
00101010 0 101
00101011 0 101
00101100 0 101
00101101 0 101
00101110 0 101
00101111 0 101
00110000 0 101
00110001 0 101
00110010 0 101
00110011 0 101
00110100 0 101
00110101 0 101
00110110 0 101
00110111 0 101
00111000 0 101
00111001 0 101
00111010 0 101
00111011 0 101
00111100 0 101
00111101 0 101
00111110 0 101
00111111 0 101
01000000 0 101
01000001 0 101
01000010 0 101
01000011 0 101
01000100 0 101
01000101 0 101
01000110 0 101
01000111 0 101
01001000 0 101
01001001 0 101
01001010 0 101
01001011 0 101
01001100 0 101
01001101 0 101
01001110 0 101
01001111 0 101
01010000 0 101
01010001 0 101
01010010 0 101
01010011 0 101
01010100 0 101
01010101 0 101
01010110 0 101
01010111 0 101
01011000 0 101
01011001 0 101
01011010 0 101
01011011 0 101
01011100 0 101
01011101 0 101
01011110 0 101
01011111 0 101
01100000 0 101
01100001 0 101
01100010 0 101
01100011 0 101
01100100 0 101
01100101 0 101
01100110 0 101
01100111 0 101
01101000 0 101
01101001 0 101
01101010 0 101
01101011 0 101
01101100 0 101
01101101 0 101
01101110 0 101
01101111 0 101
01110000 0 101
01110001 0 101
01110010 0 101
01110011 0 101
01110100 0 101
01110101 0 101
01110110 0 101
01110111 0 101
01111000 0 101
01111001 0 101
01111010 0 101
01111011 0 101
01111100 0 101
01111101 0 101
01111110 0 101
01111111 0 101
10000000 0 101
10000001 0 101
10000010 0 101
10000011 0 101
10000100 0 101
10000101 0 101
10000110 0 101
10000111 0 101
10001000 0 101
10001001 0 101
10001010 0 101
10001011 0 101
10001100 0 101
10001101 0 101
10001110 0 101
10001111 0 101
10010000 0 101
10010001 0 101
10010010 0 101
10010011 0 101
10010100 0 101
10010101 0 101
10010110 0 101
10010111 0 101
10011000 0 101
10011001 0 101
10011010 0 101
10011011 0 101
10011100 0 101
10011101 0 101
10011110 0 101
10011111 0 101
10100000 0 101
10100001 0 101
10100010 0 101
10100011 0 101
10100100 0 101
10100101 0 101
10100110 0 101
10100111 0 101
10101000 0 101
10101001 0 101
10101010 0 101
10101011 0 101
10101100 0 101
10101101 0 101
10101110 0 101
10101111 0 101
10110000 0 101
10110001 0 101
10110010 0 101
10110011 0 101
10110100 0 101
10110101 0 101
10110110 0 101
10110111 0 101
10111000 0 101
10111001 0 101
10111010 0 101
10111011 0 101
10111100 0 101
10111101 0 101
10111110 0 101
10111111 0 101
11000000 0 101
11000001 0 101
11000010 0 101
11000011 0 101
11000100 0 101
11000101 0 101
11000110 0 101
11000111 0 101
11001000 0 101
11001001 0 101
11001010 0 101
11001011 0 101
11001100 0 101
11001101 0 101
11001110 0 101
11001111 0 101
11010000 0 101
11010001 0 101
11010010 0 101
11010011 0 101
11010100 0 101
11010101 0 101
11010110 0 101
11010111 0 101
11011000 0 101
11011001 0 101
11011010 0 101
11011011 0 101
11011100 0 101
11011101 0 101
11011110 0 101
11011111 0 101
11100000 0 101
11100001 0 101
11100010 0 101
11100011 0 101
11100100 0 101
11100101 0 101
11100110 0 101
11100111 0 101
11101000 0 101
11101001 0 101
11101010 0 101
11101011 0 101
11101100 0 101
11101101 0 101
11101110 0 101
11101111 0 101
11110000 0 101
11110001 0 101
11110010 0 101
11110011 0 101
11110100 0 101
11110101 0 101
11110110 0 101
11110111 0 101
11111000 0 101
11111001 0 101
11111010 0 101
11111011 0 101
11111100 0 101
11111101 0 101
11111110 0 101
11111111 0 101
00000000 0 110
00000001 0 110
00000010 0 110
00000011 0 110
00000100 0 110
00000101 0 110
00000110 0 110
00000111 0 110
00001000 0 110
00001001 0 110
00001010 0 110
00001011 0 110
00001100 0 110
00001101 0 110
00001110 0 110
00001111 0 110
00010000 0 110
00010001 0 110
00010010 0 110
00010011 0 110
00010100 0 110
00010101 0 110
00010110 0 110
00010111 0 110
00011000 0 110
00011001 0 110
00011010 0 110
00011011 0 110
00011100 0 110
00011101 0 110
00011110 0 110
00011111 0 110
00100000 0 110
00100001 0 110
00100010 0 110
00100011 0 110
00100100 0 110
00100101 0 110
00100110 0 110
00100111 0 110
00101000 0 110
00101001 0 110
00101010 0 110
00101011 0 110
00101100 0 110
00101101 0 110
00101110 0 110
00101111 0 110
00110000 0 110
00110001 0 110
00110010 0 110
00110011 0 110
00110100 0 110
00110101 0 110
00110110 0 110
00110111 0 110
00111000 0 110
00111001 0 110
00111010 0 110
00111011 0 110
00111100 0 110
00111101 0 110
00111110 0 110
00111111 0 110
01000000 0 110
01000001 0 110
01000010 0 110
01000011 0 110
01000100 0 110
01000101 0 110
01000110 0 110
01000111 0 110
01001000 0 110
01001001 0 110
01001010 0 110
01001011 0 110
01001100 0 110
01001101 0 110
01001110 0 110
01001111 0 110
01010000 0 110
01010001 0 110
01010010 0 110
01010011 0 110
01010100 0 110
01010101 0 110
01010110 0 110
01010111 0 110
01011000 0 110
01011001 0 110
01011010 0 110
01011011 0 110
01011100 0 110
01011101 0 110
01011110 0 110
01011111 0 110
01100000 0 110
01100001 0 110
01100010 0 110
01100011 0 110
01100100 0 110
01100101 0 110
01100110 0 110
01100111 0 110
01101000 0 110
01101001 0 110
01101010 0 110
01101011 0 110
01101100 0 110
01101101 0 110
01101110 0 110
01101111 0 110
01110000 0 110
01110001 0 110
01110010 0 110
01110011 0 110
01110100 0 110
01110101 0 110
01110110 0 110
01110111 0 110
01111000 0 110
01111001 0 110
01111010 0 110
01111011 0 110
01111100 0 110
01111101 0 110
01111110 0 110
01111111 0 110
10000000 0 110
10000001 0 110
10000010 0 110
10000011 0 110
10000100 0 110
10000101 0 110
10000110 0 110
10000111 0 110
10001000 0 110
10001001 0 110
10001010 0 110
10001011 0 110
10001100 0 110
10001101 0 110
10001110 0 110
10001111 0 110
10010000 0 110
10010001 0 110
10010010 0 110
10010011 0 110
10010100 0 110
10010101 0 110
10010110 0 110
10010111 0 110
10011000 0 110
10011001 0 110
10011010 0 110
10011011 0 110
10011100 0 110
10011101 0 110
10011110 0 110
10011111 0 110
10100000 0 110
10100001 0 110
10100010 0 110
10100011 0 110
10100100 0 110
10100101 0 110
10100110 0 110
10100111 0 110
10101000 0 110
10101001 0 110
10101010 0 110
10101011 0 110
10101100 0 110
10101101 0 110
10101110 0 110
10101111 0 110
10110000 0 110
10110001 0 110
10110010 0 110
10110011 0 110
10110100 0 110
10110101 0 110
10110110 0 110
10110111 0 110
10111000 0 110
10111001 0 110
10111010 0 110
10111011 0 110
10111100 0 110
10111101 0 110
10111110 0 110
10111111 0 110
11000000 0 110
11000001 0 110
11000010 0 110
11000011 0 110
11000100 0 110
11000101 0 110
11000110 0 110
11000111 0 110
11001000 0 110
11001001 0 110
11001010 0 110
11001011 0 110
11001100 0 110
11001101 0 110
11001110 0 110
11001111 0 110
11010000 0 110
11010001 0 110
11010010 0 110
11010011 0 110
11010100 0 110
11010101 0 110
11010110 0 110
11010111 0 110
11011000 0 110
11011001 0 110
11011010 0 110
11011011 0 110
11011100 0 110
11011101 0 110
11011110 0 110
11011111 0 110
11100000 0 110
11100001 0 110
11100010 0 110
11100011 0 110
11100100 0 110
11100101 0 110
11100110 0 110
11100111 0 110
11101000 0 110
11101001 0 110
11101010 0 110
11101011 0 110
11101100 0 110
11101101 0 110
11101110 0 110
11101111 0 110
11110000 0 110
11110001 0 110
11110010 0 110
11110011 0 110
11110100 0 110
11110101 0 110
11110110 0 110
11110111 0 110
11111000 0 110
11111001 0 110
11111010 0 110
11111011 0 110
11111100 0 110
11111101 0 110
11111110 0 110
11111111 0 110
00000000 0 111
00000001 0 111
00000010 0 111
00000011 0 111
00000100 0 111
00000101 0 111
00000110 0 111
00000111 0 111
00001000 0 111
00001001 0 111
00001010 0 111
00001011 0 111
00001100 0 111
00001101 0 111
00001110 0 111
00001111 0 111
00010000 0 111
00010001 0 111
00010010 0 111
00010011 0 111
00010100 0 111
00010101 0 111
00010110 0 111
00010111 0 111
00011000 0 111
00011001 0 111
00011010 0 111
00011011 0 111
00011100 0 111
00011101 0 111
00011110 0 111
00011111 0 111
00100000 0 111
00100001 0 111
00100010 0 111
00100011 0 111
00100100 0 111
00100101 0 111
00100110 0 111
00100111 0 111
00101000 0 111
00101001 0 111
00101010 0 111
00101011 0 111
00101100 0 111
00101101 0 111
00101110 0 111
00101111 0 111
00110000 0 111
00110001 0 111
00110010 0 111
00110011 0 111
00110100 0 111
00110101 0 111
00110110 0 111
00110111 0 111
00111000 0 111
00111001 0 111
00111010 0 111
00111011 0 111
00111100 0 111
00111101 0 111
00111110 0 111
00111111 0 111
01000000 0 111
01000001 0 111
01000010 0 111
01000011 0 111
01000100 0 111
01000101 0 111
01000110 0 111
01000111 0 111
01001000 0 111
01001001 0 111
01001010 0 111
01001011 0 111
01001100 0 111
01001101 0 111
01001110 0 111
01001111 0 111
01010000 0 111
01010001 0 111
01010010 0 111
01010011 0 111
01010100 0 111
01010101 0 111
01010110 0 111
01010111 0 111
01011000 0 111
01011001 0 111
01011010 0 111
01011011 0 111
01011100 0 111
01011101 0 111
01011110 0 111
01011111 0 111
01100000 0 111
01100001 0 111
01100010 0 111
01100011 0 111
01100100 0 111
01100101 0 111
01100110 0 111
01100111 0 111
01101000 0 111
01101001 0 111
01101010 0 111
01101011 0 111
01101100 0 111
01101101 0 111
01101110 0 111
01101111 0 111
01110000 0 111
01110001 0 111
01110010 0 111
01110011 0 111
01110100 0 111
01110101 0 111
01110110 0 111
01110111 0 111
01111000 0 111
01111001 0 111
01111010 0 111
01111011 0 111
01111100 0 111
01111101 0 111
01111110 0 111
01111111 0 111
10000000 0 111
10000001 0 111
10000010 0 111
10000011 0 111
10000100 0 111
10000101 0 111
10000110 0 111
10000111 0 111
10001000 0 111
10001001 0 111
10001010 0 111
10001011 0 111
10001100 0 111
10001101 0 111
10001110 0 111
10001111 0 111
10010000 0 111
10010001 0 111
10010010 0 111
10010011 0 111
10010100 0 111
10010101 0 111
10010110 0 111
10010111 0 111
10011000 0 111
10011001 0 111
10011010 0 111
10011011 0 111
10011100 0 111
10011101 0 111
10011110 0 111
10011111 0 111
10100000 0 111
10100001 0 111
10100010 0 111
10100011 0 111
10100100 0 111
10100101 0 111
10100110 0 111
10100111 0 111
10101000 0 111
10101001 0 111
10101010 0 111
10101011 0 111
10101100 0 111
10101101 0 111
10101110 0 111
10101111 0 111
10110000 0 111
10110001 0 111
10110010 0 111
10110011 0 111
10110100 0 111
10110101 0 111
10110110 0 111
10110111 0 111
10111000 0 111
10111001 0 111
10111010 0 111
10111011 0 111
10111100 0 111
10111101 0 111
10111110 0 111
10111111 0 111
11000000 0 111
11000001 0 111
11000010 0 111
11000011 0 111
11000100 0 111
11000101 0 111
11000110 0 111
11000111 0 111
11001000 0 111
11001001 0 111
11001010 0 111
11001011 0 111
11001100 0 111
11001101 0 111
11001110 0 111
11001111 0 111
11010000 0 111
11010001 0 111
11010010 0 111
11010011 0 111
11010100 0 111
11010101 0 111
11010110 0 111
11010111 0 111
11011000 0 111
11011001 0 111
11011010 0 111
11011011 0 111
11011100 0 111
11011101 0 111
11011110 0 111
11011111 0 111
11100000 0 111
11100001 0 111
11100010 0 111
11100011 0 111
11100100 0 111
11100101 0 111
11100110 0 111
11100111 0 111
11101000 0 111
11101001 0 111
11101010 0 111
11101011 0 111
11101100 0 111
11101101 0 111
11101110 0 111
11101111 0 111
11110000 0 111
11110001 0 111
11110010 0 111
11110011 0 111
11110100 0 111
11110101 0 111
11110110 0 111
11110111 0 111
11111000 0 111
11111001 0 111
11111010 0 111
11111011 0 111
11111100 0 111
11111101 0 111
11111110 0 111
11111111 0 111
00000000 1 000
00000001 1 000
00000010 1 000
00000011 1 000
00000100 1 000
00000101 1 000
00000110 1 000
00000111 1 000
00001000 1 000
00001001 1 000
00001010 1 000
00001011 1 000
00001100 1 000
00001101 1 000
00001110 1 000
00001111 1 000
00010000 1 000
00010001 1 000
00010010 1 000
00010011 1 000
00010100 1 000
00010101 1 000
00010110 1 000
00010111 1 000
00011000 1 000
00011001 1 000
00011010 1 000
00011011 1 000
00011100 1 000
00011101 1 000
00011110 1 000
00011111 1 000
00100000 1 000
00100001 1 000
00100010 1 000
00100011 1 000
00100100 1 000
00100101 1 000
00100110 1 000
00100111 1 000
00101000 1 000
00101001 1 000
00101010 1 000
00101011 1 000
00101100 1 000
00101101 1 000
00101110 1 000
00101111 1 000
00110000 1 000
00110001 1 000
00110010 1 000
00110011 1 000
00110100 1 000
00110101 1 000
00110110 1 000
00110111 1 000
00111000 1 000
00111001 1 000
00111010 1 000
00111011 1 000
00111100 1 000
00111101 1 000
00111110 1 000
00111111 1 000
01000000 1 000
01000001 1 000
01000010 1 000
01000011 1 000
01000100 1 000
01000101 1 000
01000110 1 000
01000111 1 000
01001000 1 000
01001001 1 000
01001010 1 000
01001011 1 000
01001100 1 000
01001101 1 000
01001110 1 000
01001111 1 000
01010000 1 000
01010001 1 000
01010010 1 000
01010011 1 000
01010100 1 000
01010101 1 000
01010110 1 000
01010111 1 000
01011000 1 000
01011001 1 000
01011010 1 000
01011011 1 000
01011100 1 000
01011101 1 000
01011110 1 000
01011111 1 000
01100000 1 000
01100001 1 000
01100010 1 000
01100011 1 000
01100100 1 000
01100101 1 000
01100110 1 000
01100111 1 000
01101000 1 000
01101001 1 000
01101010 1 000
01101011 1 000
01101100 1 000
01101101 1 000
01101110 1 000
01101111 1 000
01110000 1 000
01110001 1 000
01110010 1 000
01110011 1 000
01110100 1 000
01110101 1 000
01110110 1 000
01110111 1 000
01111000 1 000
01111001 1 000
01111010 1 000
01111011 1 000
01111100 1 000
01111101 1 000
01111110 1 000
01111111 1 000
10000000 1 000
10000001 1 000
10000010 1 000
10000011 1 000
10000100 1 000
10000101 1 000
10000110 1 000
10000111 1 000
10001000 1 000
10001001 1 000
10001010 1 000
10001011 1 000
10001100 1 000
10001101 1 000
10001110 1 000
10001111 1 000
10010000 1 000
10010001 1 000
10010010 1 000
10010011 1 000
10010100 1 000
10010101 1 000
10010110 1 000
10010111 1 000
10011000 1 000
10011001 1 000
10011010 1 000
10011011 1 000
10011100 1 000
10011101 1 000
10011110 1 000
10011111 1 000
10100000 1 000
10100001 1 000
10100010 1 000
10100011 1 000
10100100 1 000
10100101 1 000
10100110 1 000
10100111 1 000
10101000 1 000
10101001 1 000
10101010 1 000
10101011 1 000
10101100 1 000
10101101 1 000
10101110 1 000
10101111 1 000
10110000 1 000
10110001 1 000
10110010 1 000
10110011 1 000
10110100 1 000
10110101 1 000
10110110 1 000
10110111 1 000
10111000 1 000
10111001 1 000
10111010 1 000
10111011 1 000
10111100 1 000
10111101 1 000
10111110 1 000
10111111 1 000
11000000 1 000
11000001 1 000
11000010 1 000
11000011 1 000
11000100 1 000
11000101 1 000
11000110 1 000
11000111 1 000
11001000 1 000
11001001 1 000
11001010 1 000
11001011 1 000
11001100 1 000
11001101 1 000
11001110 1 000
11001111 1 000
11010000 1 000
11010001 1 000
11010010 1 000
11010011 1 000
11010100 1 000
11010101 1 000
11010110 1 000
11010111 1 000
11011000 1 000
11011001 1 000
11011010 1 000
11011011 1 000
11011100 1 000
11011101 1 000
11011110 1 000
11011111 1 000
11100000 1 000
11100001 1 000
11100010 1 000
11100011 1 000
11100100 1 000
11100101 1 000
11100110 1 000
11100111 1 000
11101000 1 000
11101001 1 000
11101010 1 000
11101011 1 000
11101100 1 000
11101101 1 000
11101110 1 000
11101111 1 000
11110000 1 000
11110001 1 000
11110010 1 000
11110011 1 000
11110100 1 000
11110101 1 000
11110110 1 000
11110111 1 000
11111000 1 000
11111001 1 000
11111010 1 000
11111011 1 000
11111100 1 000
11111101 1 000
11111110 1 000
11111111 1 000
00000000 1 001
00000001 1 001
00000010 1 001
00000011 1 001
00000100 1 001
00000101 1 001
00000110 1 001
00000111 1 001
00001000 1 001
00001001 1 001
00001010 1 001
00001011 1 001
00001100 1 001
00001101 1 001
00001110 1 001
00001111 1 001
00010000 1 001
00010001 1 001
00010010 1 001
00010011 1 001
00010100 1 001
00010101 1 001
00010110 1 001
00010111 1 001
00011000 1 001
00011001 1 001
00011010 1 001
00011011 1 001
00011100 1 001
00011101 1 001
00011110 1 001
00011111 1 001
00100000 1 001
00100001 1 001
00100010 1 001
00100011 1 001
00100100 1 001
00100101 1 001
00100110 1 001
00100111 1 001
00101000 1 001
00101001 1 001
00101010 1 001
00101011 1 001
00101100 1 001
00101101 1 001
00101110 1 001
00101111 1 001
00110000 1 001
00110001 1 001
00110010 1 001
00110011 1 001
00110100 1 001
00110101 1 001
00110110 1 001
00110111 1 001
00111000 1 001
00111001 1 001
00111010 1 001
00111011 1 001
00111100 1 001
00111101 1 001
00111110 1 001
00111111 1 001
01000000 1 001
01000001 1 001
01000010 1 001
01000011 1 001
01000100 1 001
01000101 1 001
01000110 1 001
01000111 1 001
01001000 1 001
01001001 1 001
01001010 1 001
01001011 1 001
01001100 1 001
01001101 1 001
01001110 1 001
01001111 1 001
01010000 1 001
01010001 1 001
01010010 1 001
01010011 1 001
01010100 1 001
01010101 1 001
01010110 1 001
01010111 1 001
01011000 1 001
01011001 1 001
01011010 1 001
01011011 1 001
01011100 1 001
01011101 1 001
01011110 1 001
01011111 1 001
01100000 1 001
01100001 1 001
01100010 1 001
01100011 1 001
01100100 1 001
01100101 1 001
01100110 1 001
01100111 1 001
01101000 1 001
01101001 1 001
01101010 1 001
01101011 1 001
01101100 1 001
01101101 1 001
01101110 1 001
01101111 1 001
01110000 1 001
01110001 1 001
01110010 1 001
01110011 1 001
01110100 1 001
01110101 1 001
01110110 1 001
01110111 1 001
01111000 1 001
01111001 1 001
01111010 1 001
01111011 1 001
01111100 1 001
01111101 1 001
01111110 1 001
01111111 1 001
10000000 1 001
10000001 1 001
10000010 1 001
10000011 1 001
10000100 1 001
10000101 1 001
10000110 1 001
10000111 1 001
10001000 1 001
10001001 1 001
10001010 1 001
10001011 1 001
10001100 1 001
10001101 1 001
10001110 1 001
10001111 1 001
10010000 1 001
10010001 1 001
10010010 1 001
10010011 1 001
10010100 1 001
10010101 1 001
10010110 1 001
10010111 1 001
10011000 1 001
10011001 1 001
10011010 1 001
10011011 1 001
10011100 1 001
10011101 1 001
10011110 1 001
10011111 1 001
10100000 1 001
10100001 1 001
10100010 1 001
10100011 1 001
10100100 1 001
10100101 1 001
10100110 1 001
10100111 1 001
10101000 1 001
10101001 1 001
10101010 1 001
10101011 1 001
10101100 1 001
10101101 1 001
10101110 1 001
10101111 1 001
10110000 1 001
10110001 1 001
10110010 1 001
10110011 1 001
10110100 1 001
10110101 1 001
10110110 1 001
10110111 1 001
10111000 1 001
10111001 1 001
10111010 1 001
10111011 1 001
10111100 1 001
10111101 1 001
10111110 1 001
10111111 1 001
11000000 1 001
11000001 1 001
11000010 1 001
11000011 1 001
11000100 1 001
11000101 1 001
11000110 1 001
11000111 1 001
11001000 1 001
11001001 1 001
11001010 1 001
11001011 1 001
11001100 1 001
11001101 1 001
11001110 1 001
11001111 1 001
11010000 1 001
11010001 1 001
11010010 1 001
11010011 1 001
11010100 1 001
11010101 1 001
11010110 1 001
11010111 1 001
11011000 1 001
11011001 1 001
11011010 1 001
11011011 1 001
11011100 1 001
11011101 1 001
11011110 1 001
11011111 1 001
11100000 1 001
11100001 1 001
11100010 1 001
11100011 1 001
11100100 1 001
11100101 1 001
11100110 1 001
11100111 1 001
11101000 1 001
11101001 1 001
11101010 1 001
11101011 1 001
11101100 1 001
11101101 1 001
11101110 1 001
11101111 1 001
11110000 1 001
11110001 1 001
11110010 1 001
11110011 1 001
11110100 1 001
11110101 1 001
11110110 1 001
11110111 1 001
11111000 1 001
11111001 1 001
11111010 1 001
11111011 1 001
11111100 1 001
11111101 1 001
11111110 1 001
11111111 1 001
00000000 1 010
00000001 1 010
00000010 1 010
00000011 1 010
00000100 1 010
00000101 1 010
00000110 1 010
00000111 1 010
00001000 1 010
00001001 1 010
00001010 1 010
00001011 1 010
00001100 1 010
00001101 1 010
00001110 1 010
00001111 1 010
00010000 1 010
00010001 1 010
00010010 1 010
00010011 1 010
00010100 1 010
00010101 1 010
00010110 1 010
00010111 1 010
00011000 1 010
00011001 1 010
00011010 1 010
00011011 1 010
00011100 1 010
00011101 1 010
00011110 1 010
00011111 1 010
00100000 1 010
00100001 1 010
00100010 1 010
00100011 1 010
00100100 1 010
00100101 1 010
00100110 1 010
00100111 1 010
00101000 1 010
00101001 1 010
00101010 1 010
00101011 1 010
00101100 1 010
00101101 1 010
00101110 1 010
00101111 1 010
00110000 1 010
00110001 1 010
00110010 1 010
00110011 1 010
00110100 1 010
00110101 1 010
00110110 1 010
00110111 1 010
00111000 1 010
00111001 1 010
00111010 1 010
00111011 1 010
00111100 1 010
00111101 1 010
00111110 1 010
00111111 1 010
01000000 1 010
01000001 1 010
01000010 1 010
01000011 1 010
01000100 1 010
01000101 1 010
01000110 1 010
01000111 1 010
01001000 1 010
01001001 1 010
01001010 1 010
01001011 1 010
01001100 1 010
01001101 1 010
01001110 1 010
01001111 1 010
01010000 1 010
01010001 1 010
01010010 1 010
01010011 1 010
01010100 1 010
01010101 1 010
01010110 1 010
01010111 1 010
01011000 1 010
01011001 1 010
01011010 1 010
01011011 1 010
01011100 1 010
01011101 1 010
01011110 1 010
01011111 1 010
01100000 1 010
01100001 1 010
01100010 1 010
01100011 1 010
01100100 1 010
01100101 1 010
01100110 1 010
01100111 1 010
01101000 1 010
01101001 1 010
01101010 1 010
01101011 1 010
01101100 1 010
01101101 1 010
01101110 1 010
01101111 1 010
01110000 1 010
01110001 1 010
01110010 1 010
01110011 1 010
01110100 1 010
01110101 1 010
01110110 1 010
01110111 1 010
01111000 1 010
01111001 1 010
01111010 1 010
01111011 1 010
01111100 1 010
01111101 1 010
01111110 1 010
01111111 1 010
10000000 1 010
10000001 1 010
10000010 1 010
10000011 1 010
10000100 1 010
10000101 1 010
10000110 1 010
10000111 1 010
10001000 1 010
10001001 1 010
10001010 1 010
10001011 1 010
10001100 1 010
10001101 1 010
10001110 1 010
10001111 1 010
10010000 1 010
10010001 1 010
10010010 1 010
10010011 1 010
10010100 1 010
10010101 1 010
10010110 1 010
10010111 1 010
10011000 1 010
10011001 1 010
10011010 1 010
10011011 1 010
10011100 1 010
10011101 1 010
10011110 1 010
10011111 1 010
10100000 1 010
10100001 1 010
10100010 1 010
10100011 1 010
10100100 1 010
10100101 1 010
10100110 1 010
10100111 1 010
10101000 1 010
10101001 1 010
10101010 1 010
10101011 1 010
10101100 1 010
10101101 1 010
10101110 1 010
10101111 1 010
10110000 1 010
10110001 1 010
10110010 1 010
10110011 1 010
10110100 1 010
10110101 1 010
10110110 1 010
10110111 1 010
10111000 1 010
10111001 1 010
10111010 1 010
10111011 1 010
10111100 1 010
10111101 1 010
10111110 1 010
10111111 1 010
11000000 1 010
11000001 1 010
11000010 1 010
11000011 1 010
11000100 1 010
11000101 1 010
11000110 1 010
11000111 1 010
11001000 1 010
11001001 1 010
11001010 1 010
11001011 1 010
11001100 1 010
11001101 1 010
11001110 1 010
11001111 1 010
11010000 1 010
11010001 1 010
11010010 1 010
11010011 1 010
11010100 1 010
11010101 1 010
11010110 1 010
11010111 1 010
11011000 1 010
11011001 1 010
11011010 1 010
11011011 1 010
11011100 1 010
11011101 1 010
11011110 1 010
11011111 1 010
11100000 1 010
11100001 1 010
11100010 1 010
11100011 1 010
11100100 1 010
11100101 1 010
11100110 1 010
11100111 1 010
11101000 1 010
11101001 1 010
11101010 1 010
11101011 1 010
11101100 1 010
11101101 1 010
11101110 1 010
11101111 1 010
11110000 1 010
11110001 1 010
11110010 1 010
11110011 1 010
11110100 1 010
11110101 1 010
11110110 1 010
11110111 1 010
11111000 1 010
11111001 1 010
11111010 1 010
11111011 1 010
11111100 1 010
11111101 1 010
11111110 1 010
11111111 1 010
00000000 1 011
00000001 1 011
00000010 1 011
00000011 1 011
00000100 1 011
00000101 1 011
00000110 1 011
00000111 1 011
00001000 1 011
00001001 1 011
00001010 1 011
00001011 1 011
00001100 1 011
00001101 1 011
00001110 1 011
00001111 1 011
00010000 1 011
00010001 1 011
00010010 1 011
00010011 1 011
00010100 1 011
00010101 1 011
00010110 1 011
00010111 1 011
00011000 1 011
00011001 1 011
00011010 1 011
00011011 1 011
00011100 1 011
00011101 1 011
00011110 1 011
00011111 1 011
00100000 1 011
00100001 1 011
00100010 1 011
00100011 1 011
00100100 1 011
00100101 1 011
00100110 1 011
00100111 1 011
00101000 1 011
00101001 1 011
00101010 1 011
00101011 1 011
00101100 1 011
00101101 1 011
00101110 1 011
00101111 1 011
00110000 1 011
00110001 1 011
00110010 1 011
00110011 1 011
00110100 1 011
00110101 1 011
00110110 1 011
00110111 1 011
00111000 1 011
00111001 1 011
00111010 1 011
00111011 1 011
00111100 1 011
00111101 1 011
00111110 1 011
00111111 1 011
01000000 1 011
01000001 1 011
01000010 1 011
01000011 1 011
01000100 1 011
01000101 1 011
01000110 1 011
01000111 1 011
01001000 1 011
01001001 1 011
01001010 1 011
01001011 1 011
01001100 1 011
01001101 1 011
01001110 1 011
01001111 1 011
01010000 1 011
01010001 1 011
01010010 1 011
01010011 1 011
01010100 1 011
01010101 1 011
01010110 1 011
01010111 1 011
01011000 1 011
01011001 1 011
01011010 1 011
01011011 1 011
01011100 1 011
01011101 1 011
01011110 1 011
01011111 1 011
01100000 1 011
01100001 1 011
01100010 1 011
01100011 1 011
01100100 1 011
01100101 1 011
01100110 1 011
01100111 1 011
01101000 1 011
01101001 1 011
01101010 1 011
01101011 1 011
01101100 1 011
01101101 1 011
01101110 1 011
01101111 1 011
01110000 1 011
01110001 1 011
01110010 1 011
01110011 1 011
01110100 1 011
01110101 1 011
01110110 1 011
01110111 1 011
01111000 1 011
01111001 1 011
01111010 1 011
01111011 1 011
01111100 1 011
01111101 1 011
01111110 1 011
01111111 1 011
10000000 1 011
10000001 1 011
10000010 1 011
10000011 1 011
10000100 1 011
10000101 1 011
10000110 1 011
10000111 1 011
10001000 1 011
10001001 1 011
10001010 1 011
10001011 1 011
10001100 1 011
10001101 1 011
10001110 1 011
10001111 1 011
10010000 1 011
10010001 1 011
10010010 1 011
10010011 1 011
10010100 1 011
10010101 1 011
10010110 1 011
10010111 1 011
10011000 1 011
10011001 1 011
10011010 1 011
10011011 1 011
10011100 1 011
10011101 1 011
10011110 1 011
10011111 1 011
10100000 1 011
10100001 1 011
10100010 1 011
10100011 1 011
10100100 1 011
10100101 1 011
10100110 1 011
10100111 1 011
10101000 1 011
10101001 1 011
10101010 1 011
10101011 1 011
10101100 1 011
10101101 1 011
10101110 1 011
10101111 1 011
10110000 1 011
10110001 1 011
10110010 1 011
10110011 1 011
10110100 1 011
10110101 1 011
10110110 1 011
10110111 1 011
10111000 1 011
10111001 1 011
10111010 1 011
10111011 1 011
10111100 1 011
10111101 1 011
10111110 1 011
10111111 1 011
11000000 1 011
11000001 1 011
11000010 1 011
11000011 1 011
11000100 1 011
11000101 1 011
11000110 1 011
11000111 1 011
11001000 1 011
11001001 1 011
11001010 1 011
11001011 1 011
11001100 1 011
11001101 1 011
11001110 1 011
11001111 1 011
11010000 1 011
11010001 1 011
11010010 1 011
11010011 1 011
11010100 1 011
11010101 1 011
11010110 1 011
11010111 1 011
11011000 1 011
11011001 1 011
11011010 1 011
11011011 1 011
11011100 1 011
11011101 1 011
11011110 1 011
11011111 1 011
11100000 1 011
11100001 1 011
11100010 1 011
11100011 1 011
11100100 1 011
11100101 1 011
11100110 1 011
11100111 1 011
11101000 1 011
11101001 1 011
11101010 1 011
11101011 1 011
11101100 1 011
11101101 1 011
11101110 1 011
11101111 1 011
11110000 1 011
11110001 1 011
11110010 1 011
11110011 1 011
11110100 1 011
11110101 1 011
11110110 1 011
11110111 1 011
11111000 1 011
11111001 1 011
11111010 1 011
11111011 1 011
11111100 1 011
11111101 1 011
11111110 1 011
11111111 1 011
00000000 1 100
00000001 1 100
00000010 1 100
00000011 1 100
00000100 1 100
00000101 1 100
00000110 1 100
00000111 1 100
00001000 1 100
00001001 1 100
00001010 1 100
00001011 1 100
00001100 1 100
00001101 1 100
00001110 1 100
00001111 1 100
00010000 1 100
00010001 1 100
00010010 1 100
00010011 1 100
00010100 1 100
00010101 1 100
00010110 1 100
00010111 1 100
00011000 1 100
00011001 1 100
00011010 1 100
00011011 1 100
00011100 1 100
00011101 1 100
00011110 1 100
00011111 1 100
00100000 1 100
00100001 1 100
00100010 1 100
00100011 1 100
00100100 1 100
00100101 1 100
00100110 1 100
00100111 1 100
00101000 1 100
00101001 1 100
00101010 1 100
00101011 1 100
00101100 1 100
00101101 1 100
00101110 1 100
00101111 1 100
00110000 1 100
00110001 1 100
00110010 1 100
00110011 1 100
00110100 1 100
00110101 1 100
00110110 1 100
00110111 1 100
00111000 1 100
00111001 1 100
00111010 1 100
00111011 1 100
00111100 1 100
00111101 1 100
00111110 1 100
00111111 1 100
01000000 1 100
01000001 1 100
01000010 1 100
01000011 1 100
01000100 1 100
01000101 1 100
01000110 1 100
01000111 1 100
01001000 1 100
01001001 1 100
01001010 1 100
01001011 1 100
01001100 1 100
01001101 1 100
01001110 1 100
01001111 1 100
01010000 1 100
01010001 1 100
01010010 1 100
01010011 1 100
01010100 1 100
01010101 1 100
01010110 1 100
01010111 1 100
01011000 1 100
01011001 1 100
01011010 1 100
01011011 1 100
01011100 1 100
01011101 1 100
01011110 1 100
01011111 1 100
01100000 1 100
01100001 1 100
01100010 1 100
01100011 1 100
01100100 1 100
01100101 1 100
01100110 1 100
01100111 1 100
01101000 1 100
01101001 1 100
01101010 1 100
01101011 1 100
01101100 1 100
01101101 1 100
01101110 1 100
01101111 1 100
01110000 1 100
01110001 1 100
01110010 1 100
01110011 1 100
01110100 1 100
01110101 1 100
01110110 1 100
01110111 1 100
01111000 1 100
01111001 1 100
01111010 1 100
01111011 1 100
01111100 1 100
01111101 1 100
01111110 1 100
01111111 1 100
10000000 1 100
10000001 1 100
10000010 1 100
10000011 1 100
10000100 1 100
10000101 1 100
10000110 1 100
10000111 1 100
10001000 1 100
10001001 1 100
10001010 1 100
10001011 1 100
10001100 1 100
10001101 1 100
10001110 1 100
10001111 1 100
10010000 1 100
10010001 1 100
10010010 1 100
10010011 1 100
10010100 1 100
10010101 1 100
10010110 1 100
10010111 1 100
10011000 1 100
10011001 1 100
10011010 1 100
10011011 1 100
10011100 1 100
10011101 1 100
10011110 1 100
10011111 1 100
10100000 1 100
10100001 1 100
10100010 1 100
10100011 1 100
10100100 1 100
10100101 1 100
10100110 1 100
10100111 1 100
10101000 1 100
10101001 1 100
10101010 1 100
10101011 1 100
10101100 1 100
10101101 1 100
10101110 1 100
10101111 1 100
10110000 1 100
10110001 1 100
10110010 1 100
10110011 1 100
10110100 1 100
10110101 1 100
10110110 1 100
10110111 1 100
10111000 1 100
10111001 1 100
10111010 1 100
10111011 1 100
10111100 1 100
10111101 1 100
10111110 1 100
10111111 1 100
11000000 1 100
11000001 1 100
11000010 1 100
11000011 1 100
11000100 1 100
11000101 1 100
11000110 1 100
11000111 1 100
11001000 1 100
11001001 1 100
11001010 1 100
11001011 1 100
11001100 1 100
11001101 1 100
11001110 1 100
11001111 1 100
11010000 1 100
11010001 1 100
11010010 1 100
11010011 1 100
11010100 1 100
11010101 1 100
11010110 1 100
11010111 1 100
11011000 1 100
11011001 1 100
11011010 1 100
11011011 1 100
11011100 1 100
11011101 1 100
11011110 1 100
11011111 1 100
11100000 1 100
11100001 1 100
11100010 1 100
11100011 1 100
11100100 1 100
11100101 1 100
11100110 1 100
11100111 1 100
11101000 1 100
11101001 1 100
11101010 1 100
11101011 1 100
11101100 1 100
11101101 1 100
11101110 1 100
11101111 1 100
11110000 1 100
11110001 1 100
11110010 1 100
11110011 1 100
11110100 1 100
11110101 1 100
11110110 1 100
11110111 1 100
11111000 1 100
11111001 1 100
11111010 1 100
11111011 1 100
11111100 1 100
11111101 1 100
11111110 1 100
11111111 1 100
00000000 1 101
00000001 1 101
00000010 1 101
00000011 1 101
00000100 1 101
00000101 1 101
00000110 1 101
00000111 1 101
00001000 1 101
00001001 1 101
00001010 1 101
00001011 1 101
00001100 1 101
00001101 1 101
00001110 1 101
00001111 1 101
00010000 1 101
00010001 1 101
00010010 1 101
00010011 1 101
00010100 1 101
00010101 1 101
00010110 1 101
00010111 1 101
00011000 1 101
00011001 1 101
00011010 1 101
00011011 1 101
00011100 1 101
00011101 1 101
00011110 1 101
00011111 1 101
00100000 1 101
00100001 1 101
00100010 1 101
00100011 1 101
00100100 1 101
00100101 1 101
00100110 1 101
00100111 1 101
00101000 1 101
00101001 1 101
00101010 1 101
00101011 1 101
00101100 1 101
00101101 1 101
00101110 1 101
00101111 1 101
00110000 1 101
00110001 1 101
00110010 1 101
00110011 1 101
00110100 1 101
00110101 1 101
00110110 1 101
00110111 1 101
00111000 1 101
00111001 1 101
00111010 1 101
00111011 1 101
00111100 1 101
00111101 1 101
00111110 1 101
00111111 1 101
01000000 1 101
01000001 1 101
01000010 1 101
01000011 1 101
01000100 1 101
01000101 1 101
01000110 1 101
01000111 1 101
01001000 1 101
01001001 1 101
01001010 1 101
01001011 1 101
01001100 1 101
01001101 1 101
01001110 1 101
01001111 1 101
01010000 1 101
01010001 1 101
01010010 1 101
01010011 1 101
01010100 1 101
01010101 1 101
01010110 1 101
01010111 1 101
01011000 1 101
01011001 1 101
01011010 1 101
01011011 1 101
01011100 1 101
01011101 1 101
01011110 1 101
01011111 1 101
01100000 1 101
01100001 1 101
01100010 1 101
01100011 1 101
01100100 1 101
01100101 1 101
01100110 1 101
01100111 1 101
01101000 1 101
01101001 1 101
01101010 1 101
01101011 1 101
01101100 1 101
01101101 1 101
01101110 1 101
01101111 1 101
01110000 1 101
01110001 1 101
01110010 1 101
01110011 1 101
01110100 1 101
01110101 1 101
01110110 1 101
01110111 1 101
01111000 1 101
01111001 1 101
01111010 1 101
01111011 1 101
01111100 1 101
01111101 1 101
01111110 1 101
01111111 1 101
10000000 1 101
10000001 1 101
10000010 1 101
10000011 1 101
10000100 1 101
10000101 1 101
10000110 1 101
10000111 1 101
10001000 1 101
10001001 1 101
10001010 1 101
10001011 1 101
10001100 1 101
10001101 1 101
10001110 1 101
10001111 1 101
10010000 1 101
10010001 1 101
10010010 1 101
10010011 1 101
10010100 1 101
10010101 1 101
10010110 1 101
10010111 1 101
10011000 1 101
10011001 1 101
10011010 1 101
10011011 1 101
10011100 1 101
10011101 1 101
10011110 1 101
10011111 1 101
10100000 1 101
10100001 1 101
10100010 1 101
10100011 1 101
10100100 1 101
10100101 1 101
10100110 1 101
10100111 1 101
10101000 1 101
10101001 1 101
10101010 1 101
10101011 1 101
10101100 1 101
10101101 1 101
10101110 1 101
10101111 1 101
10110000 1 101
10110001 1 101
10110010 1 101
10110011 1 101
10110100 1 101
10110101 1 101
10110110 1 101
10110111 1 101
10111000 1 101
10111001 1 101
10111010 1 101
10111011 1 101
10111100 1 101
10111101 1 101
10111110 1 101
10111111 1 101
11000000 1 101
11000001 1 101
11000010 1 101
11000011 1 101
11000100 1 101
11000101 1 101
11000110 1 101
11000111 1 101
11001000 1 101
11001001 1 101
11001010 1 101
11001011 1 101
11001100 1 101
11001101 1 101
11001110 1 101
11001111 1 101
11010000 1 101
11010001 1 101
11010010 1 101
11010011 1 101
11010100 1 101
11010101 1 101
11010110 1 101
11010111 1 101
11011000 1 101
11011001 1 101
11011010 1 101
11011011 1 101
11011100 1 101
11011101 1 101
11011110 1 101
11011111 1 101
11100000 1 101
11100001 1 101
11100010 1 101
11100011 1 101
11100100 1 101
11100101 1 101
11100110 1 101
11100111 1 101
11101000 1 101
11101001 1 101
11101010 1 101
11101011 1 101
11101100 1 101
11101101 1 101
11101110 1 101
11101111 1 101
11110000 1 101
11110001 1 101
11110010 1 101
11110011 1 101
11110100 1 101
11110101 1 101
11110110 1 101
11110111 1 101
11111000 1 101
11111001 1 101
11111010 1 101
11111011 1 101
11111100 1 101
11111101 1 101
11111110 1 101
11111111 1 101
00000000 1 110
00000001 1 110
00000010 1 110
00000011 1 110
00000100 1 110
00000101 1 110
00000110 1 110
00000111 1 110
00001000 1 110
00001001 1 110
00001010 1 110
00001011 1 110
00001100 1 110
00001101 1 110
00001110 1 110
00001111 1 110
00010000 1 110
00010001 1 110
00010010 1 110
00010011 1 110
00010100 1 110
00010101 1 110
00010110 1 110
00010111 1 110
00011000 1 110
00011001 1 110
00011010 1 110
00011011 1 110
00011100 1 110
00011101 1 110
00011110 1 110
00011111 1 110
00100000 1 110
00100001 1 110
00100010 1 110
00100011 1 110
00100100 1 110
00100101 1 110
00100110 1 110
00100111 1 110
00101000 1 110
00101001 1 110
00101010 1 110
00101011 1 110
00101100 1 110
00101101 1 110
00101110 1 110
00101111 1 110
00110000 1 110
00110001 1 110
00110010 1 110
00110011 1 110
00110100 1 110
00110101 1 110
00110110 1 110
00110111 1 110
00111000 1 110
00111001 1 110
00111010 1 110
00111011 1 110
00111100 1 110
00111101 1 110
00111110 1 110
00111111 1 110
01000000 1 110
01000001 1 110
01000010 1 110
01000011 1 110
01000100 1 110
01000101 1 110
01000110 1 110
01000111 1 110
01001000 1 110
01001001 1 110
01001010 1 110
01001011 1 110
01001100 1 110
01001101 1 110
01001110 1 110
01001111 1 110
01010000 1 110
01010001 1 110
01010010 1 110
01010011 1 110
01010100 1 110
01010101 1 110
01010110 1 110
01010111 1 110
01011000 1 110
01011001 1 110
01011010 1 110
01011011 1 110
01011100 1 110
01011101 1 110
01011110 1 110
01011111 1 110
01100000 1 110
01100001 1 110
01100010 1 110
01100011 1 110
01100100 1 110
01100101 1 110
01100110 1 110
01100111 1 110
01101000 1 110
01101001 1 110
01101010 1 110
01101011 1 110
01101100 1 110
01101101 1 110
01101110 1 110
01101111 1 110
01110000 1 110
01110001 1 110
01110010 1 110
01110011 1 110
01110100 1 110
01110101 1 110
01110110 1 110
01110111 1 110
01111000 1 110
01111001 1 110
01111010 1 110
01111011 1 110
01111100 1 110
01111101 1 110
01111110 1 110
01111111 1 110
10000000 1 110
10000001 1 110
10000010 1 110
10000011 1 110
10000100 1 110
10000101 1 110
10000110 1 110
10000111 1 110
10001000 1 110
10001001 1 110
10001010 1 110
10001011 1 110
10001100 1 110
10001101 1 110
10001110 1 110
10001111 1 110
10010000 1 110
10010001 1 110
10010010 1 110
10010011 1 110
10010100 1 110
10010101 1 110
10010110 1 110
10010111 1 110
10011000 1 110
10011001 1 110
10011010 1 110
10011011 1 110
10011100 1 110
10011101 1 110
10011110 1 110
10011111 1 110
10100000 1 110
10100001 1 110
10100010 1 110
10100011 1 110
10100100 1 110
10100101 1 110
10100110 1 110
10100111 1 110
10101000 1 110
10101001 1 110
10101010 1 110
10101011 1 110
10101100 1 110
10101101 1 110
10101110 1 110
10101111 1 110
10110000 1 110
10110001 1 110
10110010 1 110
10110011 1 110
10110100 1 110
10110101 1 110
10110110 1 110
10110111 1 110
10111000 1 110
10111001 1 110
10111010 1 110
10111011 1 110
10111100 1 110
10111101 1 110
10111110 1 110
10111111 1 110
11000000 1 110
11000001 1 110
11000010 1 110
11000011 1 110
11000100 1 110
11000101 1 110
11000110 1 110
11000111 1 110
11001000 1 110
11001001 1 110
11001010 1 110
11001011 1 110
11001100 1 110
11001101 1 110
11001110 1 110
11001111 1 110
11010000 1 110
11010001 1 110
11010010 1 110
11010011 1 110
11010100 1 110
11010101 1 110
11010110 1 110
11010111 1 110
11011000 1 110
11011001 1 110
11011010 1 110
11011011 1 110
11011100 1 110
11011101 1 110
11011110 1 110
11011111 1 110
11100000 1 110
11100001 1 110
11100010 1 110
11100011 1 110
11100100 1 110
11100101 1 110
11100110 1 110
11100111 1 110
11101000 1 110
11101001 1 110
11101010 1 110
11101011 1 110
11101100 1 110
11101101 1 110
11101110 1 110
11101111 1 110
11110000 1 110
11110001 1 110
11110010 1 110
11110011 1 110
11110100 1 110
11110101 1 110
11110110 1 110
11110111 1 110
11111000 1 110
11111001 1 110
11111010 1 110
11111011 1 110
11111100 1 110
11111101 1 110
11111110 1 110
11111111 1 110
00000000 1 111
00000001 1 111
00000010 1 111
00000011 1 111
00000100 1 111
00000101 1 111
00000110 1 111
00000111 1 111
00001000 1 111
00001001 1 111
00001010 1 111
00001011 1 111
00001100 1 111
00001101 1 111
00001110 1 111
00001111 1 111
00010000 1 111
00010001 1 111
00010010 1 111
00010011 1 111
00010100 1 111
00010101 1 111
00010110 1 111
00010111 1 111
00011000 1 111
00011001 1 111
00011010 1 111
00011011 1 111
00011100 1 111
00011101 1 111
00011110 1 111
00011111 1 111
00100000 1 111
00100001 1 111
00100010 1 111
00100011 1 111
00100100 1 111
00100101 1 111
00100110 1 111
00100111 1 111
00101000 1 111
00101001 1 111
00101010 1 111
00101011 1 111
00101100 1 111
00101101 1 111
00101110 1 111
00101111 1 111
00110000 1 111
00110001 1 111
00110010 1 111
00110011 1 111
00110100 1 111
00110101 1 111
00110110 1 111
00110111 1 111
00111000 1 111
00111001 1 111
00111010 1 111
00111011 1 111
00111100 1 111
00111101 1 111
00111110 1 111
00111111 1 111
01000000 1 111
01000001 1 111
01000010 1 111
01000011 1 111
01000100 1 111
01000101 1 111
01000110 1 111
01000111 1 111
01001000 1 111
01001001 1 111
01001010 1 111
01001011 1 111
01001100 1 111
01001101 1 111
01001110 1 111
01001111 1 111
01010000 1 111
01010001 1 111
01010010 1 111
01010011 1 111
01010100 1 111
01010101 1 111
01010110 1 111
01010111 1 111
01011000 1 111
01011001 1 111
01011010 1 111
01011011 1 111
01011100 1 111
01011101 1 111
01011110 1 111
01011111 1 111
01100000 1 111
01100001 1 111
01100010 1 111
01100011 1 111
01100100 1 111
01100101 1 111
01100110 1 111
01100111 1 111
01101000 1 111
01101001 1 111
01101010 1 111
01101011 1 111
01101100 1 111
01101101 1 111
01101110 1 111
01101111 1 111
01110000 1 111
01110001 1 111
01110010 1 111
01110011 1 111
01110100 1 111
01110101 1 111
01110110 1 111
01110111 1 111
01111000 1 111
01111001 1 111
01111010 1 111
01111011 1 111
01111100 1 111
01111101 1 111
01111110 1 111
01111111 1 111
10000000 1 111
10000001 1 111
10000010 1 111
10000011 1 111
10000100 1 111
10000101 1 111
10000110 1 111
10000111 1 111
10001000 1 111
10001001 1 111
10001010 1 111
10001011 1 111
10001100 1 111
10001101 1 111
10001110 1 111
10001111 1 111
10010000 1 111
10010001 1 111
10010010 1 111
10010011 1 111
10010100 1 111
10010101 1 111
10010110 1 111
10010111 1 111
10011000 1 111
10011001 1 111
10011010 1 111
10011011 1 111
10011100 1 111
10011101 1 111
10011110 1 111
10011111 1 111
10100000 1 111
10100001 1 111
10100010 1 111
10100011 1 111
10100100 1 111
10100101 1 111
10100110 1 111
10100111 1 111
10101000 1 111
10101001 1 111
10101010 1 111
10101011 1 111
10101100 1 111
10101101 1 111
10101110 1 111
10101111 1 111
10110000 1 111
10110001 1 111
10110010 1 111
10110011 1 111
10110100 1 111
10110101 1 111
10110110 1 111
10110111 1 111
10111000 1 111
10111001 1 111
10111010 1 111
10111011 1 111
10111100 1 111
10111101 1 111
10111110 1 111
10111111 1 111
11000000 1 111
11000001 1 111
11000010 1 111
11000011 1 111
11000100 1 111
11000101 1 111
11000110 1 111
11000111 1 111
11001000 1 111
11001001 1 111
11001010 1 111
11001011 1 111
11001100 1 111
11001101 1 111
11001110 1 111
11001111 1 111
11010000 1 111
11010001 1 111
11010010 1 111
11010011 1 111
11010100 1 111
11010101 1 111
11010110 1 111
11010111 1 111
11011000 1 111
11011001 1 111
11011010 1 111
11011011 1 111
11011100 1 111
11011101 1 111
11011110 1 111
11011111 1 111
11100000 1 111
11100001 1 111
11100010 1 111
11100011 1 111
11100100 1 111
11100101 1 111
11100110 1 111
11100111 1 111
11101000 1 111
11101001 1 111
11101010 1 111
11101011 1 111
11101100 1 111
11101101 1 111
11101110 1 111
11101111 1 111
11110000 1 111
11110001 1 111
11110010 1 111
11110011 1 111
11110100 1 111
11110101 1 111
11110110 1 111
11110111 1 111
11111000 1 111
11111001 1 111
11111010 1 111
11111011 1 111
11111100 1 111
11111101 1 111
11111110 1 111
11111111 1 111
